11
10000 374 200 223 108 178 252 285 240 356 400
374 10000 255 166 433 199 135 095 136 017 019
200 255 10000 128 277 128 180 160 131 247 323
223 166 128 10000 430 047 052 084 040 155 233
108 433 277 430 10000 453 478 344 389 423 456
178 199 128 047 453 10000 091 110 064 181 190
252 135 180 052 478 091 10000 114 083 117 230
285 095 160 084 344 110 114 10000 047 078 550
240 136 131 040 389 064 083 047 10000 118 230
356 017 247 155 423 181 117 078 118 10000 119
400 019 323 233 456 190 230 550 230 119 10000

5
10000 4 2 24 27
4 10000 1 3 12
5 2 10000 10 1
10 11 13 10000 99
23 1 3 7 10000


4
10000 4 2 24
4 10000 1 3
5 2 10000 10
100 11 13 10000










11
10000 374 200 223 108 178 252 285 240 356 400
374 10000 255 166 433 199 135 095 136 017 019
200 255 10000 128 277 128 180 160 131 247 323
223 166 128 10000 430 047 052 084 040 155 233
108 433 277 430 10000 453 478 344 389 423 456
178 199 128 047 453 10000 091 110 064 181 190
252 135 180 052 478 091 10000 114 083 117 230
285 095 160 084 344 110 114 10000 047 078 550
240 136 131 040 389 064 083 047 10000 118 230
356 017 247 155 423 181 117 078 118 10000 119
400 019 323 233 456 190 230 550 230 119 10000







